1006 300 82 3920 58 54 -1 
1006 301 402 3790 58 54 -1
1006 302 337 3730 58 54 -1
1006 303 145 3665 58 54 -1
1006 304 275 3535 58 54 -1
1009 305 275 3454 32 32 -1
1009 306 275 3596 32 32 -1
1009 307 340 1870 32 32 -1
1009 308 90 1450 32 32 -1
1004 309 435 3375 24 43 2
1004 310 320 3310 24 43 5
1004 311 165 2170 24 43 5
1004 312 435 1945 24 43 5
1004 313 30 845 24 43 2
1003 314 445 2864 32 32 -1
1003 315 15 2575 32 32 -1
1003 316 15 2170 32 32 -1
1003 317 455 1742 32 32 -1 
1003 318 15 1620 32 32 -1
1005 319 430 1492 32 32 -1
1007 320 160 2500 32 32 -1
1007 321 160 2275 32 32 -1
1007 322 180 1340 32 32 -1
1008 323 160 2810 32 32 -1
1008 324 350 2810 32 32 1  
0 1 0 4400 512 16 -1
0 2 320 4336 192 16 -1
0 3 256 4272 192 16 -1
0 4 192 4208 256 16 -1
0 5 320 4144 192 16 -1
0 6 0 4144 256 16 -1
0 7 64 4080 128 16 -1
0 8 256 4048 256 16 -1
0 9 0 4016 128 16 -1
0 10 384 3984 128 16 -1
0 11 128 3952 192 16 -1
0 12 0 3888 256 16 -1
0 13 64 3824 320 16 -1
0 14 384 3760 128 16 -1
0 15 0 3760 128 16 -1
0 16 64 3664 64 16 -1
0 17 256 3664 256 16 -1
0 18 64 3600 128 16 -1
0 19 0 3536 256 16 -1
0 20 320 3504 192 16 -1
0 21 0 3440 512 16 -1
0 22 0 3344 128 16 -1
0 23 0 3248 256 16 -1
0 24 128 3184 384 16 -1
0 25 64 3120 128 16 -1
0 26 256 3056 256 16 -1
0 27 64 2992 192 16 -1
0 28 0 2928 128 16 -1
0 29 0 2832 512 16 -1
0 30 384 2770 128 16 -1
0 31 320 2704 192 16 -1
0 32 0 2672 128 16 -1
0 33 256 2642 192 16 -1
0 34 64 2608 128 16 -1
0 35 0 2544 128 16 -1
0 36 384 2512 128 16 -1
0 37 64 2416 192 16 -1
0 38 320 2416 192 16 -1
0 39 0 2352 192 16 -1
0 40 320 2224 64 16 -1
0 41 256 2128 128 16 -1
0 42 320 2064 128 16 -1
0 43 0 2000 64 16 -1
0 44 128 2000 192 16 -1
0 45 256 1936 128 16 -1
0 46 128 1840 320 16 -1
0 47 64 1776 192 16 -1
0 48 128 1680 192 16 -1
0 49 384 1680 128 16 -1
0 50 384 1616 64 16 -1
0 51 320 1548 192 16 -1
0 52 64 1520 192 16 -1
0 53 0 1424 192.5 16 -1
0 54 384 1264 128 16 -1
0 55 320 1200 192 16 -1
0 56 0 1136 448 16 -1
0 57 256 1074 256 16 -1
0 58 0 1040 192 16 -1
0 59 192 972 192 16 -1
0 60 0 912 256 16 -1
0 61 320 880 192 16 -1
0 62 64 816 128 16 -1
0 63 256 752 256 16 -1
0 64 0 656 512 16 -1
0 65 0 560 512 16 -1
11 66 228 235 52 85 -1