32 32 16 140
1 1 1 1 1 1 1 1 1 1 1 1 1 1 1 1 
1 1 1 1 1 1 1 1 1 1 1 1 1 1 1 1 
1 1 1 1 1 1 1 1 1 1 1 1 1 1 1 1 
1 1 1 1 1 1 1 1 1 1 1 1 1 1 1 1 
1 1 1 1 1 1 1 1 1 1 1 1 1 1 1 1 
1 1 1 1 1 1 63 77 90 103 1 1 1 1 1 1 
1 1 1 1 1 54 64 78 91 104 114 1 1 1 1 1 
1 1 1 1 37 1 65 79 92 105 1 121 1 1 1 1 
1 1 1 1 38 45 66 80 93 106 115 122 1 1 1 1 
1 1 1 37 44 55 67 81 94 107 116 123 121 1 1 1 
1 1 1 38 45 56 68 82 95 108 117 115 122 1 1 1 
1 1 16 39 46 47 69 83 96 109 118 124 128 130 1 1 
1 16 31 40 47 57 70 84 97 110 119 118 129 128 130 1 
2 17 2 17 2 58 71 85 98 111 120 17 2 17 2 17 
3 18 3 18 3 58 72 86 99 112 120 18 3 18 3 18 
2 17 2 17 2 58 73 87 100 88 120 17 2 17 2 17 
3 18 3 18 3 58 73 88 73 88 120 18 3 18 3 18 
4 4 4 4 4 4 4 4 4 4 4 4 4 4 4 4 
5 20 5 20 5 20 5 20 5 20 5 20 5 20 5 20 
32 21 32 21 32 21 32 21 32 21 32 21 32 21 32 21 
4 4 4 4 4 4 4 4 4 4 4 4 4 4 4 4 
5 20 5 20 5 20 5 20 5 20 5 20 5 20 5 20 
32 21 32 21 32 21 32 21 32 21 32 21 32 21 32 21 
5 20 5 20 5 20 5 20 4 4 4 4 4 4 4 4 
32 21 32 21 32 21 32 21 32 21 32 21 32 21 32 21 
5 20 4 4 4 4 5 20 5 20 5 20 5 20 5 20 
32 21 32 21 32 21 32 21 32 21 32 21 32 21 32 21 
5 20 5 20 5 20 5 20 5 20 4 4 4 4 4 4 
4 4 4 4 4 4 4 4 32 21 32 21 32 21 32 21 
5 20 5 20 5 20 5 20 5 20 5 20 5 20 5 20 
32 21 32 21 32 21 4 4 4 4 4 4 32 21 32 21 
5 20 5 20 5 20 5 20 5 20 5 20 5 20 5 20 
4 4 4 4 4 4 32 21 32 21 32 21 32 21 32 21 
5 20 5 20 5 20 5 20 4 4 4 4 4 4 4 4 
32 21 32 21 32 21 32 21 32 21 32 21 32 21 32 21 
4 4 4 4 4 4 4 4 4 4 4 4 4 4 32 21 
5 20 5 20 5 20 5 20 5 20 5 20 5 20 5 20 
32 21 32 21 32 22 32 1 101 21 4 4 4 4 4 4 
5 20 5 20 7 23 1 1 102 113 5 20 5 20 5 20 
101 22 32 23 1 1 1 1 1 1 1 1 4 4 4 4 
7 23 1 1 1 1 1 1 1 1 1 1 102 113 5 20 
1 1 1 1 1 1 1 1 1 1 1 1 1 1 101 21 
1 1 1 1 1 1 1 1 1 1 1 1 1 1 102 113 
8 8 8 8 8 8 8 8 8 8 8 8 8 8 8 8 
4 4 4 4 4 4 34 13 13 13 13 13 13 13 13 13 
9 24 9 24 9 24 34 13 13 13 13 13 13 13 13 13 
10 25 10 25 11 27 13 13 13 13 13 13 13 13 13 13 
9 24 4 4 4 4 4 4 34 13 13 13 13 13 13 13 
10 25 10 25 10 25 10 25 34 28 4 4 4 4 4 4 
9 24 9 24 9 24 48 48 13 28 10 25 10 25 10 25 
9 24 48 48 48 48 13 13 13 13 48 48 4 4 9 24 
10 25 34 13 13 13 13 13 13 13 13 28 10 25 10 25 
9 24 34 28 4 4 4 4 4 4 34 28 4 4 4 4 
11 27 13 28 10 25 10 25 10 25 34 28 10 25 10 25 
27 13 13 28 9 24 9 24 27 48 13 13 48 48 9 24 
13 13 4 4 4 4 4 4 34 13 13 13 13 28 10 25 
13 28 9 24 9 24 9 24 34 13 13 13 13 13 48 48 
13 13 15 29 4 4 4 4 4 4 4 4 4 4 34 13 
13 13 13 30 9 24 9 24 9 24 9 24 9 24 34 13 
13 13 13 28 10 25 10 25 10 25 10 25 11 27 13 13 
13 13 13 28 9 24 9 24 4 4 4 4 49 13 13 13 
13 13 13 13 15 29 10 25 10 25 10 25 34 13 13 13 
4 4 34 28 4 4 4 4 4 4 9 24 34 13 13 13 
10 25 34 28 10 25 10 25 10 25 11 27 13 13 13 13 
14 24 34 13 48 30 9 24 9 24 4 4 4 4 34 13 
14 24 34 13 13 28 9 24 9 24 9 24 9 24 34 13 
10 25 34 13 13 13 15 29 4 4 4 4 10 25 34 13 
14 24 34 13 13 13 13 15 9 24 9 24 9 24 34 13 
10 25 34 13 13 13 13 13 15 29 10 25 11 27 13 13 
14 24 34 13 13 13 13 13 13 30 4 4 49 13 13 13 
11 27 13 13 13 13 13 13 13 28 10 25 34 13 13 13 
13 13 13 13 13 13 13 13 13 13 48 48 13 13 13 13 
13 13 13 13 13 13 13 13 13 13 13 13 13 13 13 13 
4 4 4 4 4 4 34 13 13 13 13 13 13 13 13 13 
10 25 10 25 10 25 34 13 13 13 13 13 13 13 13 13 
14 24 4 4 4 4 4 4 34 28 4 4 4 4 4 4 
15 29 10 25 10 25 10 25 34 28 10 25 10 25 10 25 
13 30 9 24 9 24 48 48 13 28 9 24 9 24 9 24 
13 28 10 25 11 27 13 13 13 13 15 29 4 4 4 4 
4 4 4 4 49 13 13 13 13 13 13 30 9 24 9 24 
9 24 9 24 34 13 13 13 13 13 13 13 48 48 48 48 
10 25 4 4 4 4 34 13 13 13 13 13 13 13 13 13 
9 24 9 24 9 24 34 28 4 4 4 4 4 4 34 13 
4 4 4 4 11 27 13 28 10 25 10 25 10 25 34 13 
9 24 9 24 48 13 13 28 9 24 4 4 4 4 4 4 
15 29 11 27 13 13 13 13 15 29 10 25 10 25 10 25 
13 48 48 13 13 13 13 13 13 30 9 24 4 4 4 4 
13 13 13 13 13 13 13 13 13 13 15 29 10 25 10 25 
4 4 4 4 89 60 74 89 74 50 60 74 4 4 4 4 
10 25 10 25 34 8 8 8 8 8 8 59 10 25 10 25 
9 24 9 24 34 13 13 13 13 13 13 28 9 24 9 24 
4 4 4 4 34 13 13 13 13 13 13 13 15 29 10 25 
9 24 9 24 34 13 13 13 13 13 13 13 13 15 9 24 
10 25 4 4 4 4 4 4 34 13 13 13 13 13 15 29 
9 24 9 24 9 24 9 24 34 13 13 13 13 13 13 15 
9 24 9 24 9 24 9 24 4 4 4 4 4 4 4 4 
10 25 10 25 10 25 10 25 10 25 10 25 10 25 10 25 
14 24 4 4 4 4 9 24 41 41 41 41 41 41 41 41 
15 29 10 25 10 25 11 27 13 13 13 13 13 13 13 13 
13 30 14 24 4 4 4 4 4 4 4 4 4 4 4 4 
13 13 15 29 10 25 10 25 10 25 10 25 10 25 10 25 
4 4 4 4 4 4 4 4 9 24 9 24 9 24 9 24 
10 25 10 25 10 25 10 25 11 27 15 29 11 27 15 25 
9 24 9 24 33 41 41 41 41 13 13 41 41 13 13 41 
4 4 4 4 34 13 13 13 13 13 13 13 13 13 13 13 
9 24 9 24 52 61 61 61 61 61 61 61 61 61 61 61 
10 25 10 25 53 62 76 62 62 62 76 62 62 76 62 62 
4 4 4 4 4 4 4 4 4 4 4 4 4 4 4 4 
10 25 10 25 10 25 10 25 10 25 10 25 10 25 10 25 
9 24 9 24 9 24 9 24 9 24 4 4 4 4 4 4 
4 4 4 4 4 4 4 4 35 42 9 24 9 24 9 24 
10 25 10 25 10 25 10 25 36 43 10 25 10 25 10 25 
14 24 4 4 4 4 9 24 9 24 9 24 9 24 9 24 
15 29 10 25 10 25 10 25 10 25 11 27 15 29 11 27 
13 30 4 4 35 42 9 24 4 4 4 4 4 4 4 4 
13 28 10 25 36 43 10 25 10 25 10 25 10 25 10 25 
13 28 9 24 9 24 9 24 9 24 35 42 9 24 9 24 
4 4 4 4 10 25 10 25 10 25 36 43 4 4 4 4 
9 24 9 24 9 24 9 24 9 24 9 24 35 42 9 24 
10 25 4 4 4 4 4 4 4 4 4 4 36 43 11 27 
9 24 9 24 9 24 9 24 9 24 9 24 9 24 49 13 
4 4 4 4 4 4 4 4 10 25 10 25 10 25 34 13 
14 24 35 42 9 24 9 24 9 24 9 24 9 24 34 13 
15 29 36 43 4 4 4 4 4 4 10 25 11 27 13 13 
13 30 9 24 9 24 9 24 9 24 9 24 4 4 4 4 
4 4 4 4 9 24 9 24 9 24 9 24 9 24 9 24 
10 25 10 25 10 25 10 25 4 4 4 4 4 4 4 4 
14 24 4 4 4 4 9 24 9 24 9 24 9 24 9 24 
10 25 10 25 10 25 10 25 10 25 11 27 15 29 10 25 
4 4 4 4 4 4 4 4 9 24 4 4 4 4 4 4 
10 25 10 25 10 25 10 25 10 25 10 25 10 25 10 25 
14 24 9 24 9 24 4 4 4 4 4 4 4 4 9 24 
15 29 10 25 10 25 10 25 10 25 10 25 10 25 10 25 
13 30 14 24 9 24 9 24 4 4 4 4 4 4 9 24 
13 28 10 25 10 25 10 25 10 25 10 25 10 25 11 27 
13 28 14 24 9 24 9 24 9 24 4 4 4 4 4 4 
13 13 15 29 10 25 10 25 10 25 10 25 10 25 10 25 
4 4 4 4 4 4 4 4 4 4 4 4 4 4 4 4 
10 25 10 25 10 25 10 25 10 25 10 25 10 25 10 25 
9 24 9 24 9 24 9 24 9 24 9 24 9 24 9 24