1003 100 200 248 48 48 -1
1003 101 1200 248 48 48 -1
1003 102 2000 298 48 48 -1
1003 242 2500 290 48 48 -1
0 200 64 208 1472 16 -1
0 201 320 270 192 16 -1
1 202 0 432 3520 16 -1
0 203 512 336 64 16 -1
0 204 576 400 128 16 -1
0 205 704 336 64 16 -1
0 206 832 272 128 16 -1
0 207 1216 400 128 16 -1
0 208 1280 304 192 16 -1
0 210 1792 208 320 16 -1
0 212 2368 208 512 16 -1
0 213 2816 400 192 16 -1
0 214 3008 304 128 16 -1
0 215 2752 144 1024 16 -1
0 216 3200 272 448 16 -1
0 217 3520 400 384 16 -1
0 218 3712 208 512 16 -1
0 219 3904 334 128 16 -1
0 220 4096 336 128 16 -1
0 221 4160 144 320 16 -1
0 222 4288 304 64 16 -1
0 223 4416 272 192 16 -1
0 224 4544 206 128 16 -1
0 225 4736 272 128 16 -1
0 226 4736 400 64 16 -1
0 227 4800 336 192 16 -1
0 228 4992 208 128 16 -1
0 229 5056 400 64 16 -1
0 230 5120 306 64 16 -1
0 231 5056 144 128 16 -1
0 232 5248 206 128 16 -1
0 233 5312 272 320 16 -1
0 234 5504 400 192 16 -1
0 235 5760 336 128 16 -1
0 236 5952 272 128 16 -1
0 237 6080 208 256 16 -1
0 238 6144 304 192 16 -1
0 239 6336 272 64 16 -1
0 240 6400 336 64 16 -1
0 241 6080 400 480 16 -1
1000 103 180 148 48 72 101